10
5
1 1 3 4
0 0 0 0 0
0 1 3 2 4
0 3 2 6 1
0 4 1 2 5
0 0 0 0 0
5
0 0 4 4
4 3 3 4 3
3 1 3 2 4
5 3 2 6 1
3 4 1 2 5
3 3 3 3 3
3
0 0 0 2
1 1 1
1 1 1
1 1 1
3
0 0 0 0
16 26 76
21 52 78
30 89 59
5
4 3 4 4
7 0 36 35 4
78 30 72 98 52
98 62 88 3 55
34 17 47 5 25
21 39 97 80 72
10
0 9 9 9
90 18 94 2 68 88 14 94 85 17
30 76 65 26 71 60 81 69 98 35
18 0 31 37 71 7 18 32 70 27
25 2 58 2 43 78 8 59 54 84
3 91 82 89 97 48 93 40 21 62
67 55 15 86 15 35 5 95 27 8
56 37 29 17 14 68 27 94 68 67
19 70 96 49 86 6 98 13 4 74
90 20 97 24 16 91 70 32 59 28
48 33 33 27 3 86 63 4 57 99
6
3 4 3 5
75 23 23 43 20 23
14 67 82 8 82 86
6 54 62 52 22 43
17 9 5 18 35 45
66 82 66 96 90 79
22 71 61 20 1 98
3
0 0 2 2
15 42 25
19 92 23
40 33 86
3
1 1 1 1
93 20 52
10 12 56
95 90 32
4
0 1 3 3
54 48 81 84
2 66 86 87
44 14 47 63
13 3 34 95